[6, 2, 4, 2, 3, 4, 5]
linesearch start
[8, 4, 6, 2, 3, 4, 5]
[1, 1, 1, 0, 0, 0, 0]
[7, 3, 5, 2, 3, 4, 5]
linesearch start
[9, 5, 5, 2, 3, 4, 5]
[1, 1, 0, 0, 0, 0, 0]
[8, 4, 5, 2, 3, 4, 5]
linesearch start
[10, 4, 7, 2, 3, 6, 7]
[1, 0, 1, 0, 0, 1, 1]
[9, 4, 6, 2, 3, 5, 6]
linesearch start
[11, 6, 8, 4, 5, 7, 8]
[1, 1, 1, 1, 1, 1, 1]
[10, 5, 7, 3, 4, 6, 7]
linesearch start
[10, 5, 7, 3, 6, 6, 7]
[0, 0, 0, 0, 1, 0, 0]
[9, 6, 8, 2, 4, 5, 7]
linesearch start
[11, 4, 6, 4, 6, 7, 7]
[1, -1, -1, 1, 1, 1, 0]
[8, 2, 7, 2, 4, 5, 7]
linesearch start
[10, 4, 5, 2, 4, 5, 5]
[1, 1, -1, 0, 0, 0, -1]
[9, 3, 6, 2, 4, 5, 6]
linesearch start
[9, 5, 6, 2, 2, 5, 6]
[0, 1, 0, 0, -1, 0, 0]
[9, 4, 6, 2, 3, 5, 6]
linesearch start
[11, 6, 8, 4, 5, 7, 8]
[1, 1, 1, 1, 1, 1, 1]
[10, 5, 7, 3, 4, 6, 7]
linesearch start
[10, 5, 7, 3, 6, 6, 7]
[0, 0, 0, 0, 1, 0, 0]
[6, 5, 5, 2, 3, 4, 5]
linesearch start
[8, 3, 5, 2, 3, 4, 5]
[1, -1, 0, 0, 0, 0, 0]
[7, 4, 5, 2, 3, 4, 5]
linesearch start
[9, 4, 5, 2, 3, 4, 5]
[1, 0, 0, 0, 0, 0, 0]
[8, 4, 5, 2, 3, 4, 5]
linesearch start
[10, 4, 7, 2, 3, 6, 7]
[1, 0, 1, 0, 0, 1, 1]
[9, 4, 6, 2, 3, 5, 6]
linesearch start
[11, 6, 8, 4, 5, 7, 8]
[1, 1, 1, 1, 1, 1, 1]
[10, 5, 7, 3, 4, 6, 7]
linesearch start
[10, 5, 7, 3, 6, 6, 7]
[0, 0, 0, 0, 1, 0, 0]
